1741, 368.434766, 23.949112, 0.211622,104, 25.715514, 9.069521, 0.247265,4, 0.605014, 9.069521, 0.151254
1679, 307.767817, 24.865593, 0.183304,166, 37.052629, 10.915284, 0.223209,4, 0.808392, 10.915284, 0.202098
1675, 360.533175, 14.722861, 0.215244,170, 28.610593, 0.316018, 0.168298,4, 0.814934, 0.316018, 0.203734
1691, 226.719831, 0.576001, 0.134074,154, 27.332298, 0.532196, 0.177482,4, 0.713956, 0.532196, 0.178489
1689, 300.140715, 11.021666, 0.177703,156, 35.307560, 7.021804, 0.226331,4, 0.800143, 7.021804, 0.200036
1665, 302.105659, 17.993407, 0.181445,180, 30.340586, 0.520534, 0.168559,4, 0.842241, 0.520534, 0.210560
1682, 290.280721, 0.894579, 0.172581,163, 27.274840, 0.447147, 0.167330,4, 0.810952, 0.447147, 0.202738
1664, 298.459077, 13.507429, 0.179362,181, 50.149888, 9.819033, 0.277071,4, 0.634881, 9.819033, 0.158720
1677, 280.357866, 0.904534, 0.167178,168, 28.629650, 0.494081, 0.170415,4, 0.746952, 0.494081, 0.186738
1655, 288.899742, 7.965591, 0.174562,190, 32.820944, 0.574578, 0.172742,4, 0.699450, 0.574578, 0.174862
1677, 295.371714, 4.582121, 0.176131,168, 26.463603, 0.428943, 0.157521,4, 0.603307, 0.428943, 0.150827
1679, 299.936768, 0.572303, 0.178640,166, 29.740976, 0.430649, 0.179163,4, 0.838828, 0.430649, 0.209707
1681, 224.277304, 1.526900, 0.133419,164, 29.290416, 0.387414, 0.178600,4, 0.453689, 0.387414, 0.113422
1669, 292.654129, 0.637156, 0.175347,176, 34.738671, 4.066991, 0.197379,4, 0.827734, 4.066991, 0.206934
1667, 295.875750, 1.586064, 0.177490,178, 33.890741, 2.166616, 0.190397,4, 0.796730, 2.166616, 0.199182
1674, 308.346093, 10.338714, 0.184197,171, 31.870330, 0.953459, 0.186376,4, 0.815503, 0.953459, 0.203876
1663, 288.606479, 0.837121, 0.173546,182, 36.507348, 3.787667, 0.200590,4, 0.780232, 3.787667, 0.195058
1662, 290.106357, 1.452091, 0.174553,183, 35.009462, 0.707130, 0.191309,4, 0.793885, 0.707130, 0.198471
1678, 259.361291, 3.974547, 0.154566,167, 29.397651, 0.426667, 0.176034,4, 0.792463, 0.426667, 0.198116
1665, 291.281967, 0.702579, 0.174944,180, 32.726508, 0.604730, 0.181814,4, 0.709974, 0.604730, 0.177494
1676, 284.032323, 3.002030, 0.169470,169, 31.121955, 1.338313, 0.184154,4, 0.867557, 1.338313, 0.216889
1668, 296.702915, 6.863652, 0.177879,177, 32.424712, 0.466774, 0.183190,4, 0.806116, 0.466774, 0.201529
1652, 283.258349, 0.546134, 0.171464,193, 35.002920, 1.321246, 0.181362,4, 0.653654, 1.321246, 0.163414
1661, 279.071606, 14.295625, 0.168014,184, 7.005306, 0.380303, 0.038072,4, 0.608143, 0.380303, 0.152036
1673, 288.063190, 0.590507, 0.172184,172, 30.788586, 0.530205, 0.179003,4, 0.642561, 0.530205, 0.160640
1684, 294.197526, 1.327219, 0.174702,161, 29.925012, 0.708836, 0.185870,4, 0.791325, 0.708836, 0.197831
1671, 294.982593, 1.570988, 0.176531,174, 30.897244, 0.400783, 0.177570,4, 0.672427, 0.400783, 0.168107
1666, 286.743651, 0.907379, 0.172115,179, 32.320037, 0.583112, 0.180559,4, 0.820623, 0.583112, 0.205156
1668, 302.150602, 4.985748, 0.181145,177, 34.817462, 2.024962, 0.196709,4, 0.590507, 2.024962, 0.147627
1667, 272.822924, 27.585738, 0.163661,178, 29.800709, 0.238649, 0.167420,4, 0.180622, 0.238649, 0.045156
1647, 362.474795, 42.076208, 0.220082,198, 31.378809, 0.595343, 0.158479,4, 0.900552, 0.595343, 0.225138
1671, 316.415507, 16.237245, 0.189357,174, 30.695288, 0.937246, 0.176410,4, 0.623218, 0.937246, 0.155805
1693, 270.714904, 1.423646, 0.159902,152, 32.119503, 7.379351, 0.211313,4, 0.705139, 7.379351, 0.176285
1678, 306.145344, 22.650337, 0.182447,167, 27.437827, 1.118437, 0.164298,4, 0.781370, 1.118437, 0.195342
1663, 279.979270, 12.424832, 0.168358,182, 29.639998, 1.041352, 0.162857,4, 0.587663, 1.041352, 0.146916
1694, 280.736462, 14.557599, 0.165724,151, 25.038820, 0.751788, 0.165820,4, 0.330240, 0.751788, 0.082560
1659, 290.286410, 18.623452, 0.174977,186, 31.024675, 1.282846, 0.166799,4, 0.616676, 1.282846, 0.154169
1677, 361.084429, 20.635615, 0.215316,168, 26.534715, 1.176464, 0.157945,4, 0.609281, 1.176464, 0.152320
1659, 276.442483, 7.045981, 0.166632,186, 29.142789, 0.711965, 0.156682,4, 0.707130, 0.711965, 0.176782
1673, 285.754636, 14.502132, 0.170804,172, 31.548338, 1.445833, 0.183421,4, 0.356694, 1.445833, 0.089173
1662, 235.009405, 9.115033, 0.141402,183, 14.336016, 5.143330, 0.078339,4, 0.632321, 5.143330, 0.158080
1690, 291.890679, 9.389522, 0.172716,155, 26.274163, 0.525654, 0.169511,4, 0.642561, 0.525654, 0.160640
1676, 293.419569, 12.792050, 0.175071,169, 29.095855, 0.874952, 0.172165,4, 0.746952, 0.874952, 0.186738
1651, 266.208161, 2.679470, 0.161241,194, 31.685725, 0.490098, 0.163328,4, 0.850490, 0.490098, 0.212622
1666, 285.625214, 4.366227, 0.171444,179, 29.833136, 0.438329, 0.166666,4, 0.583965, 0.438329, 0.145991
1655, 299.700110, 18.230350, 0.181088,190, 34.758013, 1.336890, 0.182937,4, 0.612978, 1.336890, 0.153245
1668, 291.265185, 20.787224, 0.174619,177, 30.981724, 0.749228, 0.175038,4, 0.415574, 0.749228, 0.103893
1651, 324.829952, 10.001362, 0.196747,194, 38.284275, 2.657852, 0.197342,4, 0.518543, 2.657852, 0.129636
1664, 358.389883, 28.484299, 0.215379,181, 31.555734, 1.798544, 0.174341,4, 0.819201, 1.798544, 0.204800
1672, 287.521323, 1.846331, 0.171963,173, 31.338418, 0.549547, 0.181147,4, 0.875805, 0.549547, 0.218951
1671, 342.589545, 29.087891, 0.205021,174, 29.379447, 0.703432, 0.168847,4, 0.800143, 0.703432, 0.200036
1650, 351.293271, 21.142211, 0.212905,195, 40.801326, 7.137004, 0.209238,4, 0.584534, 7.137004, 0.146133
1653, 302.615669, 6.202887, 0.183071,192, 34.364057, 0.642561, 0.178979,4, 0.844801, 0.642561, 0.211200
1660, 376.818775, 18.226083, 0.226999,185, 32.977389, 0.852197, 0.178256,4, 0.892872, 0.852197, 0.223218
1679, 345.119966, 23.862072, 0.205551,166, 32.599362, 3.436946, 0.196382,4, 0.752641, 3.436946, 0.188160
1673, 320.661698, 23.504525, 0.191669,172, 31.072746, 0.589370, 0.180656,4, 0.825174, 0.589370, 0.206294
1676, 305.429681, 10.052847, 0.182237,169, 30.331199, 0.764872, 0.179475,4, 0.815788, 0.764872, 0.203947
1681, 278.825277, 21.436327, 0.165869,164, 25.798287, 0.636303, 0.157307,4, 0.890312, 0.636303, 0.222578
1670, 330.097584, 17.454100, 0.197663,175, 29.824318, 0.784499, 0.170425,4, 0.448001, 0.784499, 0.112000
1663, 307.712635, 11.721684, 0.185035,182, 34.603559, 6.123243, 0.190129,4, 0.404765, 6.123243, 0.101191
1668, 352.274321, 19.206280, 0.211196,177, 30.027127, 0.374614, 0.169645,4, 0.857317, 0.374614, 0.214329
1666, 359.403929, 18.727559, 0.215729,179, 31.080711, 0.577423, 0.173635,4, 0.722490, 0.577423, 0.180622
1692, 298.802687, 0.715947, 0.176597,153, 27.453756, 0.846792, 0.179436,4, 0.529067, 0.846792, 0.132267
1680, 241.492755, 10.589879, 0.143746,165, 29.237509, 0.491805, 0.177197,4, 0.688072, 0.491805, 0.172018
1655, 290.471015, 0.943219, 0.175511,190, 32.463681, 0.241494, 0.170861,4, 0.784214, 0.241494, 0.196054
1691, 293.881508, 1.857709, 0.173792,154, 29.807252, 2.665816, 0.193554,4, 0.752641, 2.665816, 0.188160
1696, 297.358845, 11.915391, 0.175330,149, 25.277753, 0.521387, 0.169649,4, 0.687503, 0.521387, 0.171876
1668, 279.112851, 0.620658, 0.167334,177, 29.774541, 0.898845, 0.168218,4, 0.582258, 0.898845, 0.145565
1654, 304.050693, 9.370180, 0.183828,191, 42.333630, 9.214588, 0.221642,4, 0.871539, 9.214588, 0.217885
1665, 310.903252, 13.165526, 0.186729,180, 40.448046, 11.891214, 0.224711,4, 0.679254, 11.891214, 0.169814
1662, 311.954844, 12.030023, 0.187698,183, 30.404301, 0.406187, 0.166144,4, 0.832854, 0.406187, 0.208214
1669, 295.854986, 7.680862, 0.177265,176, 31.383645, 1.069512, 0.178316,4, 0.547841, 1.069512, 0.136960
1673, 289.586676, 0.673850, 0.173094,172, 32.187201, 1.801104, 0.187135,4, 0.796161, 1.801104, 0.199040
1679, 298.803540, 1.321246, 0.177965,166, 28.767322, 0.550116, 0.173297,4, 0.469049, 0.550116, 0.117262
1676, 218.749689, 0.648250, 0.130519,169, 30.828124, 0.774543, 0.182415,4, 0.479858, 0.774543, 0.119965
1658, 294.764709, 0.896001, 0.177783,187, 32.165299, 0.351858, 0.172007,4, 0.758330, 0.351858, 0.189582
1667, 293.001436, 3.173550, 0.175766,178, 31.400142, 0.579698, 0.176405,4, 0.591645, 0.579698, 0.147911
1677, 289.258427, 0.616107, 0.172486,168, 29.923021, 0.434916, 0.178113,4, 0.930134, 0.434916, 0.232534
1693, 298.483824, 1.358224, 0.176305,152, 28.811979, 2.594705, 0.189552,4, 0.823183, 2.594705, 0.205796
1686, 299.290225, 6.570674, 0.177515,159, 29.409313, 0.746099, 0.184964,4, 0.944926, 0.746099, 0.236231
1681, 235.122330, 0.807539, 0.139871,164, 29.437189, 0.647681, 0.179495,4, 0.474169, 0.647681, 0.118542
1666, 289.197556, 0.864712, 0.173588,179, 30.198648, 0.374045, 0.168708,4, 0.843379, 0.374045, 0.210845
1675, 294.334628, 0.993281, 0.175722,170, 31.313387, 0.457956, 0.184196,4, 0.707414, 0.457956, 0.176854
1666, 306.472171, 17.988572, 0.183957,179, 30.705813, 0.362667, 0.171541,4, 0.661619, 0.362667, 0.165405
1679, 293.491534, 0.740410, 0.174801,166, 29.076513, 0.737850, 0.175160,4, 0.768570, 0.737850, 0.192142
1693, 285.678405, 0.664747, 0.168741,152, 15.413493, 4.690494, 0.101405,4, 0.665032, 4.690494, 0.166258
1662, 286.877340, 0.833423, 0.172610,183, 32.948944, 0.787912, 0.180049,4, 0.687503, 0.787912, 0.171876
1634, 290.156988, 0.778525, 0.177575,211, 38.014337, 0.578561, 0.180163,4, 0.852481, 0.578561, 0.213120
1671, 299.773497, 4.020627, 0.179398,174, 31.288640, 0.598472, 0.179820,4, 0.812659, 0.598472, 0.203165
1683, 292.283497, 0.990437, 0.173668,162, 28.998291, 0.447147, 0.179002,4, 0.850490, 0.447147, 0.212622
1685, 295.450789, 0.885477, 0.175342,160, 27.746449, 0.283023, 0.173415,4, 0.683236, 0.283023, 0.170809
1683, 213.431994, 1.786598, 0.126816,162, 29.990719, 0.601885, 0.185128,4, 0.507449, 0.601885, 0.126862
1679, 290.744651, 2.898208, 0.173165,166, 29.332513, 1.001530, 0.176702,4, 0.782792, 1.001530, 0.195698
1702, 301.252325, 0.639716, 0.176999,143, 25.201806, 0.404765, 0.176236,4, 0.834845, 0.404765, 0.208711
1644, 282.748624, 0.707414, 0.171988,201, 35.615898, 0.728463, 0.177194,4, 0.854757, 0.728463, 0.213689
1676, 288.961751, 0.766579, 0.172412,169, 42.177186, 11.196315, 0.249569,4, 0.796445, 11.196315, 0.199111
1657, 294.587784, 6.266034, 0.177784,188, 33.582972, 0.582827, 0.178633,4, 0.755201, 0.582827, 0.188800
1693, 266.635681, 0.836837, 0.157493,152, 29.164122, 0.742401, 0.191869,4, 0.758045, 0.742401, 0.189511
1664, 294.627606, 4.927437, 0.177060,181, 32.224179, 0.932126, 0.178034,4, 0.816356, 0.932126, 0.204089
1668, 293.110093, 0.856463, 0.175725,177, 32.058916, 2.086687, 0.181124,4, 0.781939, 2.086687, 0.195485
1650, 304.764365, 10.110589, 0.184706,195, 34.143612, 0.420125, 0.175095,4, 0.831148, 0.420125, 0.207787
1669, 298.995825, 3.422439, 0.179147,176, 29.514842, 0.476161, 0.167698,4, 0.786774, 0.476161, 0.196694
1677, 251.364410, 0.933832, 0.149889,168, 7.752542, 0.203094, 0.046146,4, 0.654792, 0.203094, 0.163698
1656, 282.027272, 0.845939, 0.170306,189, 35.991934, 0.538454, 0.190434,4, 0.859023, 0.538454, 0.214756
1673, 292.713862, 0.851628, 0.174963,172, 32.130597, 0.565192, 0.186806,4, 0.775396, 0.565192, 0.193849
1675, 306.789327, 19.240413, 0.183158,170, 27.482769, 0.690063, 0.161663,4, 0.580267, 0.690063, 0.145067
1684, 292.449328, 0.697743, 0.173663,161, 28.824211, 0.711965, 0.179032,4, 0.698027, 0.711965, 0.174507
1670, 294.707251, 2.203025, 0.176471,175, 30.533155, 0.420409, 0.174475,4, 0.719930, 0.420409, 0.179982
1663, 220.485655, 9.879336, 0.132583,182, 32.700339, 0.699450, 0.179672,4, 0.390827, 0.699450, 0.097707
1681, 295.176016, 2.266456, 0.175595,164, 28.266699, 0.533049, 0.172358,4, 0.628623, 0.533049, 0.157156
1669, 294.257828, 0.980766, 0.176308,176, 39.545787, 8.791619, 0.224692,4, 0.602738, 8.791619, 0.150685
1671, 292.316208, 0.791041, 0.174935,174, 31.594134, 0.715947, 0.181575,4, 0.857601, 0.715947, 0.214400
1691, 294.875642, 0.731023, 0.174379,154, 27.693827, 0.555236, 0.179830,4, 0.683521, 0.555236, 0.170880
1689, 295.432869, 0.965406, 0.174916,156, 29.656780, 0.719361, 0.190108,4, 1.443842, 0.719361, 0.360960
1673, 293.963428, 4.707845, 0.175710,172, 36.965873, 5.884593, 0.214918,4, 0.692623, 5.884593, 0.173156
1663, 292.301133, 0.714810, 0.175767,182, 33.216038, 0.847361, 0.182506,4, 0.764019, 0.847361, 0.191005
1657, 295.447661, 9.396633, 0.178303,188, 32.595948, 0.371200, 0.173383,4, 0.714810, 0.371200, 0.178702
1668, 286.524059, 0.746952, 0.171777,177, 29.744958, 0.766010, 0.168051,4, 0.802419, 0.766010, 0.200605
1676, 301.071987, 9.504722, 0.179637,169, 30.936497, 0.803841, 0.183056,4, 0.748374, 0.803841, 0.187094
1675, 223.518690, 0.950614, 0.133444,170, 18.075327, 0.458809, 0.106325,4, 0.595058, 0.458809, 0.148765
1654, 286.702406, 0.949192, 0.173339,191, 34.237479, 0.523378, 0.179254,4, 0.806685, 0.523378, 0.201671
1657, 290.756313, 0.863574, 0.175472,188, 31.506240, 0.449992, 0.167586,4, 0.794739, 0.449992, 0.198685
1679, 291.382660, 0.841103, 0.173545,166, 29.196549, 0.668161, 0.175883,4, 0.816356, 0.668161, 0.204089
1679, 298.802971, 6.005767, 0.177965,166, 28.975820, 0.662187, 0.174553,4, 0.487538, 0.662187, 0.121885
1681, 298.737833, 4.369925, 0.177714,164, 31.674063, 2.642492, 0.193135,4, 0.785352, 2.642492, 0.196338
1668, 216.056566, 0.874952, 0.129530,177, 31.253369, 0.823752, 0.176573,4, 0.504605, 0.823752, 0.126151
1668, 296.444071, 2.234029, 0.177724,177, 30.863111, 0.613832, 0.174368,4, 0.628338, 0.613832, 0.157085
1687, 300.049693, 8.677557, 0.177860,158, 28.580726, 0.383147, 0.180891,4, 0.418703, 0.383147, 0.104676
1677, 290.367477, 0.893725, 0.173147,168, 31.677192, 0.903397, 0.188555,4, 0.858454, 0.903397, 0.214614
1664, 291.605950, 0.927574, 0.175244,181, 30.310719, 0.833423, 0.167463,4, 0.527929, 0.833423, 0.131982
1704, 295.138754, 0.686934, 0.173203,141, 24.068010, 0.416143, 0.170695,4, 0.712250, 0.416143, 0.178062
1672, 298.876358, 8.467921, 0.178754,173, 32.496677, 0.540730, 0.187842,4, 0.605867, 0.540730, 0.151467
1697, 309.584281, 16.059467, 0.182430,148, 26.587906, 0.396232, 0.179648,4, 0.800428, 0.396232, 0.200107
1680, 270.478814, 0.891450, 0.160999,165, 29.378878, 0.852765, 0.178054,4, 0.538454, 0.852765, 0.134613
1671, 288.040150, 0.919041, 0.172376,174, 33.416856, 0.573156, 0.192051,4, 0.813796, 0.573156, 0.203449
1662, 286.937642, 0.845085, 0.172646,183, 32.009708, 0.452836, 0.174916,4, 0.584534, 0.452836, 0.146133
1672, 220.312713, 2.456181, 0.131766,173, 29.657918, 0.508587, 0.171433,4, 0.433209, 0.508587, 0.108302
1669, 291.438127, 1.165370, 0.174618,176, 33.735149, 0.609281, 0.191677,4, 0.590507, 0.609281, 0.147627
1681, 295.781314, 1.650064, 0.175956,164, 33.353425, 3.861907, 0.203375,4, 0.798152, 3.861907, 0.199538
1672, 291.802501, 0.780232, 0.174523,173, 31.863503, 0.559787, 0.184182,4, 0.846792, 0.559787, 0.211698
1657, 286.702406, 1.908056, 0.173025,188, 32.898597, 0.342187, 0.174993,4, 0.872961, 0.342187, 0.218240
1684, 288.758089, 2.232038, 0.171472,161, 28.949935, 0.879219, 0.179813,4, 0.807539, 0.879219, 0.201885
1670, 220.634704, 0.917050, 0.132117,175, 32.131450, 0.804979, 0.183608,4, 0.830579, 0.804979, 0.207645
1692, 315.933088, 21.611260, 0.186722,153, 26.216705, 0.347023, 0.171351,4, 0.826596, 0.347023, 0.206649
1692, 296.418755, 1.117583, 0.175188,153, 25.793736, 0.257991, 0.168587,4, 0.641992, 0.257991, 0.160498
1665, 292.918947, 0.640854, 0.175927,180, 30.540550, 0.314880, 0.169670,4, 0.805832, 0.314880, 0.201458
1661, 290.731566, 0.665316, 0.175034,184, 33.292838, 0.717085, 0.180939,4, 0.470472, 0.717085, 0.117618
1671, 284.069017, 1.022579, 0.169999,174, 20.577588, 0.231538, 0.118262,4, 0.577992, 0.231538, 0.144498
1697, 310.946772, 9.692740, 0.183233,148, 25.913772, 0.750365, 0.175093,4, 0.593067, 0.750365, 0.148267
1679, 293.861597, 0.947201, 0.175022,166, 31.093795, 1.336890, 0.187312,4, 0.557512, 1.336890, 0.139378
1843, 316.840467, 0.575716, 0.171916,2, 0.327396, 0.188302, 0.163698,4, 0.813512, 0.188302, 0.203378
1675, 302.340895, 9.937931, 0.180502,170, 30.751608, 0.532196, 0.180892,4, 0.626632, 0.532196, 0.156658
1669, 296.440088, 4.309338, 0.177615,176, 34.909337, 0.764588, 0.198349,4, 0.930134, 0.764588, 0.232534
1680, 212.152846, 0.713956, 0.126281,165, 29.897136, 0.489529, 0.181195,4, 0.475023, 0.489529, 0.118756
1670, 303.822852, 13.691749, 0.181930,175, 30.394915, 0.488392, 0.173685,4, 0.776819, 0.488392, 0.194205
1681, 293.702023, 0.771983, 0.174719,164, 28.580726, 0.264818, 0.174273,4, 0.743823, 0.264818, 0.185956
1681, 293.643427, 4.200680, 0.174684,164, 30.359643, 0.765725, 0.185120,4, 0.751503, 0.765725, 0.187876
1671, 289.908383, 0.900837, 0.173494,174, 30.262932, 0.872677, 0.173925,4, 0.845654, 0.872677, 0.211414
1658, 293.815517, 5.720753, 0.177211,187, 33.434207, 0.744108, 0.178793,4, 0.735574, 0.744108, 0.183894
1673, 249.191537, 0.907379, 0.148949,172, 30.349688, 0.505743, 0.176452,4, 0.841388, 0.505743, 0.210347
1679, 293.500067, 2.093513, 0.174806,166, 28.416317, 0.327396, 0.171183,4, 0.590507, 0.327396, 0.147627
1656, 288.260026, 0.646543, 0.174070,189, 34.559470, 0.666170, 0.182854,4, 0.805263, 0.666170, 0.201316
1676, 301.976237, 7.135297, 0.180177,169, 29.291838, 0.470187, 0.173324,4, 0.671005, 0.470187, 0.167751
1694, 287.930639, 0.713387, 0.169971,151, 27.783427, 1.051877, 0.183996,4, 0.994419, 1.051877, 0.248605
1677, 268.817088, 0.684374, 0.160296,168, 7.731778, 0.201102, 0.046022,4, 0.614685, 0.201102, 0.153671
1657, 320.737360, 13.365775, 0.193565,188, 33.263825, 0.324551, 0.176935,4, 0.532765, 0.324551, 0.133191
1679, 292.546324, 0.944072, 0.174238,166, 29.785065, 0.695183, 0.179428,4, 0.448001, 0.695183, 0.112000
1679, 289.644703, 0.592783, 0.172510,166, 29.884336, 0.685796, 0.180026,4, 0.726472, 0.685796, 0.181618
1681, 263.162042, 0.697174, 0.156551,164, 26.727284, 0.313743, 0.162971,4, 0.842525, 0.313743, 0.210631
1689, 276.733186, 0.725050, 0.163844,156, 36.749126, 5.411846, 0.235571,4, 0.685796, 5.411846, 0.171449
1679, 221.754848, 6.649750, 0.132076,166, 28.755944, 0.555805, 0.173229,4, 0.160996, 0.555805, 0.040249
1683, 281.996552, 4.833285, 0.167556,162, 35.824965, 6.966337, 0.221142,4, 0.767432, 6.966337, 0.191858
1651, 265.938791, 0.612125, 0.161077,194, 33.805407, 0.675556, 0.174255,4, 1.002383, 0.675556, 0.250596
1685, 285.220449, 0.830863, 0.169270,160, 28.149792, 0.422400, 0.175936,4, 0.699734, 0.422400, 0.174934
1679, 297.332107, 10.844172, 0.177089,166, 29.835981, 0.531343, 0.179735,4, 0.821192, 0.531343, 0.205298
1675, 287.973021, 0.846508, 0.171924,170, 30.631573, 0.517405, 0.180186,4, 0.445441, 0.517405, 0.111360
1686, 307.407710, 18.317390, 0.182330,159, 28.895037, 0.541014, 0.181730,4, 0.864143, 0.541014, 0.216036
1679, 295.757421, 1.381264, 0.176151,166, 29.845936, 0.751788, 0.179795,4, 0.624072, 0.751788, 0.156018
1650, 287.077873, 0.985032, 0.173987,195, 41.995141, 8.273645, 0.215360,4, 0.684943, 8.273645, 0.171236
1689, 290.135370, 0.911645, 0.171779,156, 56.535104, 24.142250, 0.362405,4, 0.707414, 24.142250, 0.176854
1654, 291.013736, 0.987877, 0.175945,191, 35.250956, 0.567752, 0.184560,4, 0.597903, 0.567752, 0.149476
1690, 243.593379, 1.896678, 0.144138,155, 20.558246, 12.072974, 0.132634,4, 0.822614, 12.072974, 0.205654
1659, 292.052243, 0.667023, 0.176041,186, 33.654652, 0.896285, 0.180939,4, 0.806401, 0.896285, 0.201600
1689, 294.188139, 5.655046, 0.174179,156, 28.077828, 0.529352, 0.179986,4, 0.803841, 0.529352, 0.200960
1682, 304.150533, 8.647121, 0.180827,163, 29.936105, 0.532196, 0.183657,4, 0.641423, 0.532196, 0.160356
1688, 294.383268, 0.818063, 0.174398,157, 28.301686, 0.785636, 0.180266,4, 0.819770, 0.785636, 0.204942
1674, 288.184363, 0.682667, 0.172153,171, 32.221903, 0.428658, 0.188432,4, 0.723059, 0.428658, 0.180765
1663, 217.895501, 9.195815, 0.131026,182, 34.679506, 0.634881, 0.190547,4, 0.389120, 0.634881, 0.097280
1657, 290.409575, 1.932518, 0.175262,188, 31.183964, 0.490383, 0.165872,4, 0.884339, 0.490383, 0.221085
1669, 286.790584, 0.685512, 0.171834,176, 30.631857, 0.309476, 0.174045,4, 0.871539, 0.309476, 0.217885
1688, 288.707457, 0.518258, 0.171035,157, 24.552135, 0.235520, 0.156383,4, 0.787059, 0.235520, 0.196765
1674, 294.943340, 1.020303, 0.176191,171, 30.668835, 0.504321, 0.179350,4, 0.835983, 0.504321, 0.208996
1691, 306.343033, 16.099289, 0.181161,154, 27.395445, 0.921601, 0.177892,4, 0.657921, 0.921601, 0.164480
1673, 293.038698, 0.763165, 0.175158,172, 29.845936, 0.485832, 0.173523,4, 0.618952, 0.485832, 0.154738
1681, 296.880409, 0.972517, 0.176609,164, 29.714523, 0.961708, 0.181186,4, 0.762881, 0.961708, 0.190720
1656, 291.748456, 4.414014, 0.176177,189, 41.029736, 6.029091, 0.217089,4, 0.789619, 6.029091, 0.197405
1675, 298.250295, 2.561994, 0.178060,170, 30.199217, 0.781939, 0.177642,4, 0.855610, 0.781939, 0.213902
1681, 287.555172, 0.917334, 0.171062,164, 30.122701, 0.663325, 0.183675,4, 0.762881, 0.663325, 0.190720
1651, 208.348681, 0.754632, 0.126195,194, 31.937743, 0.589654, 0.164628,4, 0.781085, 0.589654, 0.195271
1667, 293.404778, 0.652801, 0.176008,178, 33.075807, 0.952321, 0.185819,4, 0.765441, 0.952321, 0.191360
1654, 298.139361, 4.563063, 0.180254,191, 32.064321, 0.395378, 0.167876,4, 0.854757, 0.395378, 0.213689
1678, 344.386667, 17.209477, 0.205236,167, 30.649208, 1.260659, 0.183528,4, 0.608143, 1.260659, 0.152036
1661, 288.546746, 0.680676, 0.173719,184, 32.537068, 0.567467, 0.176832,4, 0.872961, 0.567467, 0.218240
1671, 327.407306, 36.704184, 0.195935,174, 29.936674, 0.457387, 0.172050,4, 0.745245, 0.457387, 0.186311
1686, 217.840603, 0.406187, 0.129206,159, 28.348619, 0.720783, 0.178293,4, 0.576570, 0.720783, 0.144142
1671, 292.498253, 0.808108, 0.175044,174, 38.353679, 6.872186, 0.220423,4, 0.495503, 6.872186, 0.123876
1676, 294.801687, 0.709690, 0.175896,169, 28.883660, 0.360960, 0.170909,4, 0.764872, 0.360960, 0.191218
1685, 302.970940, 4.895579, 0.179805,160, 27.200315, 0.485832, 0.170002,4, 0.758330, 0.485832, 0.189582
1656, 293.089329, 0.678116, 0.176986,189, 34.054012, 0.886899, 0.180180,4, 0.491805, 0.886899, 0.122951
1658, 291.930785, 0.744392, 0.176074,187, 34.107772, 0.721352, 0.182395,4, 0.548978, 0.721352, 0.137245
1664, 285.176644, 0.828588, 0.171380,181, 32.630082, 1.056428, 0.180277,4, 0.859592, 1.056428, 0.214898
1658, 293.378894, 3.932449, 0.176947,187, 33.752216, 0.845654, 0.180493,4, 0.756908, 0.845654, 0.189227
1683, 291.124385, 0.902828, 0.172979,162, 28.586415, 0.764019, 0.176459,4, 0.429227, 0.764019, 0.107307
1676, 292.260457, 0.960001, 0.174380,169, 30.820728, 0.392818, 0.182371,4, 0.864712, 0.392818, 0.216178
1672, 305.753095, 7.383048, 0.182867,173, 38.457786, 5.602140, 0.222299,4, 0.652516, 5.602140, 0.163129
1676, 238.864201, 10.577648, 0.142520,169, 29.595056, 0.449707, 0.175119,4, 0.470187, 0.449707, 0.117547
1665, 291.169327, 1.355095, 0.174876,180, 31.868054, 0.852197, 0.177045,4, 0.721352, 0.852197, 0.180338
1682, 295.601830, 0.736712, 0.175744,163, 28.978095, 0.729032, 0.177780,4, 0.750934, 0.729032, 0.187734
1697, 295.353794, 0.631752, 0.174045,148, 26.294359, 0.744961, 0.177665,4, 0.948054, 0.744961, 0.237014
1665, 293.386289, 0.943219, 0.176208,180, 32.037583, 0.416427, 0.177987,4, 0.856463, 0.416427, 0.214116
1673, 295.124247, 0.765725, 0.176404,172, 31.806898, 0.741263, 0.184924,4, 0.804694, 0.741263, 0.201174
1651, 558.007817, 44.586717, 0.337982,194, 56.218517, 20.682832, 0.289786,4, 0.726472, 20.682832, 0.181618
1664, 292.441648, 0.833139, 0.175746,181, 32.549015, 0.416427, 0.179829,4, 0.647681, 0.416427, 0.161920
1684, 303.828541, 4.305640, 0.180421,161, 28.048245, 0.777103, 0.174213,4, 0.484125, 0.777103, 0.121031
1672, 288.143972, 2.082989, 0.172335,173, 32.807575, 1.617353, 0.189639,4, 0.586241, 1.617353, 0.146560
1660, 305.592668, 8.526232, 0.184092,185, 31.887965, 0.876090, 0.172367,4, 0.417280, 0.876090, 0.104320
1669, 286.626744, 2.515914, 0.171736,176, 12.677703, 0.229262, 0.072032,4, 0.409885, 0.229262, 0.102471
1676, 296.535662, 5.933233, 0.176931,169, 28.343214, 0.233529, 0.167711,4, 0.598756, 0.233529, 0.149689
1678, 304.332862, 12.281472, 0.181366,167, 35.100200, 7.012701, 0.210181,4, 0.770561, 7.012701, 0.192640
1746, 313.761637, 9.204917, 0.179703,99, 16.070561, 0.290134, 0.162329,4, 0.871823, 0.290134, 0.217956
1676, 295.875750, 0.640570, 0.176537,169, 29.644834, 0.451983, 0.175413,4, 0.632321, 0.451983, 0.158080
1682, 292.158057, 0.609850, 0.173697,163, 28.639037, 0.240356, 0.175700,4, 0.790188, 0.240356, 0.197547
1667, 215.282023, 0.871823, 0.129143,178, 33.098278, 1.313850, 0.185945,4, 0.327965, 1.313850, 0.081991
1691, 295.104051, 2.684021, 0.174515,154, 28.088921, 0.682383, 0.182396,4, 0.795023, 0.682383, 0.198756
1659, 293.331392, 5.928682, 0.176812,186, 33.865710, 1.021726, 0.182074,4, 0.571450, 1.021726, 0.142862
1676, 309.617846, 9.157699, 0.184736,169, 34.123701, 1.109903, 0.201915,4, 0.780516, 1.109903, 0.195129
1668, 300.177693, 7.107421, 0.179963,177, 30.962666, 0.677547, 0.174930,4, 0.839965, 0.677547, 0.209991
1655, 295.155820, 0.682952, 0.178342,190, 34.067665, 0.428089, 0.179304,4, 0.815788, 0.428089, 0.203947
1669, 264.886346, 2.436554, 0.158710,176, 31.871467, 0.332800, 0.181088,4, 0.573725, 0.332800, 0.143431
1682, 296.964605, 0.892303, 0.176554,163, 31.451627, 0.581405, 0.192955,4, 0.761743, 0.581405, 0.190436
1656, 288.823226, 1.004943, 0.174410,189, 35.713747, 0.913352, 0.188962,4, 0.816072, 0.913352, 0.204018
1656, 303.728417, 13.547820, 0.183411,189, 34.445408, 0.684090, 0.182251,4, 0.490098, 0.684090, 0.122525
1692, 300.561124, 4.103116, 0.177637,153, 27.998752, 0.599610, 0.182998,4, 0.784783, 0.599610, 0.196196
1666, 263.634789, 0.981050, 0.158244,179, 8.205378, 0.244054, 0.045840,4, 0.505174, 0.244054, 0.126293
1654, 291.879017, 0.595627, 0.176469,191, 35.260342, 0.508303, 0.184609,4, 1.002668, 0.508303, 0.250667
1681, 300.429426, 0.791894, 0.178721,164, 31.472391, 0.550401, 0.191905,4, 0.836837, 0.550401, 0.209209
1676, 295.757705, 0.810952, 0.176466,169, 32.058348, 0.758899, 0.189694,4, 0.569174, 0.758899, 0.142293
1664, 308.335000, 18.814030, 0.185297,181, 33.210349, 0.824605, 0.183483,4, 0.811236, 0.824605, 0.202809
1676, 294.699855, 0.593352, 0.175835,169, 31.862365, 0.562347, 0.188535,4, 0.719361, 0.562347, 0.179840
1672, 239.180219, 28.043410, 0.143050,173, 30.717759, 0.602170, 0.177559,4, 0.229547, 0.602170, 0.057387
1684, 293.535054, 0.865850, 0.174308,161, 30.031963, 0.473601, 0.186534,4, 0.597903, 0.473601, 0.149476
1684, 298.950882, 0.884054, 0.177524,161, 25.964403, 0.524801, 0.161270,4, 0.779379, 0.524801, 0.194845
1665, 293.602467, 0.637441, 0.176338,180, 32.359859, 0.587947, 0.179777,4, 0.624925, 0.587947, 0.156231
1668, 291.197487, 1.009210, 0.174579,177, 34.646795, 0.789050, 0.195745,4, 0.804979, 0.789050, 0.201245
1670, 302.124717, 10.432865, 0.180913,175, 32.044410, 0.581405, 0.183111,4, 0.675556, 0.581405, 0.168889
1677, 293.507747, 4.955881, 0.175020,168, 32.264570, 1.903220, 0.192051,4, 0.771130, 1.903220, 0.192782
1654, 304.773467, 15.317066, 0.184264,191, 36.654975, 0.746099, 0.191911,4, 0.742970, 0.746099, 0.185742
1663, 284.497675, 0.872108, 0.171075,182, 33.421122, 0.548694, 0.183633,4, 0.734152, 0.548694, 0.183538
1685, 235.220748, 0.713672, 0.139597,160, 9.118161, 0.710543, 0.056989,4, 0.465921, 0.710543, 0.116480
1658, 288.152506, 0.903681, 0.173795,187, 35.132911, 1.295930, 0.187877,4, 0.741263, 1.295930, 0.185316
1663, 289.150622, 0.987877, 0.173873,182, 32.482455, 0.442596, 0.178475,4, 0.922170, 0.442596, 0.230542
1673, 304.286213, 14.029100, 0.181881,172, 31.788694, 0.562632, 0.184818,4, 0.711965, 0.562632, 0.177991
1676, 295.255945, 0.940659, 0.176167,169, 29.421829, 0.641139, 0.174094,4, 0.785921, 0.641139, 0.196480
1682, 294.593189, 0.753779, 0.175145,163, 30.111608, 0.460232, 0.184734,4, 0.540445, 0.460232, 0.135111
1676, 218.120213, 1.951576, 0.130143,169, 29.820905, 0.655076, 0.176455,4, 0.526223, 0.655076, 0.131556
1680, 304.919102, 7.918089, 0.181499,165, 30.180728, 0.887468, 0.182914,4, 0.801850, 0.887468, 0.200462
1673, 292.195888, 0.398792, 0.174654,172, 33.127007, 3.551862, 0.192599,4, 0.669014, 3.551862, 0.167254
1685, 292.553151, 2.689425, 0.173622,160, 28.164014, 0.829156, 0.176025,4, 0.752356, 0.829156, 0.188089
1677, 289.563352, 0.683805, 0.172667,168, 29.317153, 0.495503, 0.174507,4, 0.844517, 0.495503, 0.211129
1657, 298.937798, 1.982580, 0.180409,188, 34.245159, 0.753779, 0.182155,4, 0.769992, 0.753779, 0.192498
1642, 289.566196, 0.831432, 0.176350,203, 35.111862, 0.462507, 0.172965,4, 0.878365, 0.462507, 0.219591
1686, 302.015490, 5.346424, 0.179131,159, 25.919461, 0.521103, 0.163015,4, 0.878081, 0.521103, 0.219520
1663, 233.733955, 0.836268, 0.140550,182, 30.547946, 0.578561, 0.167846,4, 1.028268, 0.578561, 0.257067
1664, 293.705721, 1.242455, 0.176506,181, 32.997300, 0.343325, 0.182306,4, 0.816072, 0.343325, 0.204018
1661, 295.222949, 2.224074, 0.177738,184, 37.462229, 4.383863, 0.203599,4, 0.820908, 4.383863, 0.205227
1674, 311.917582, 19.551880, 0.186331,171, 31.149831, 0.672143, 0.182163,4, 0.792463, 0.672143, 0.198116
1655, 219.489245, 0.841672, 0.132622,190, 34.310866, 1.231077, 0.180584,4, 0.534472, 1.231077, 0.133618
1664, 290.187139, 0.779379, 0.174391,181, 32.556126, 0.690916, 0.179868,4, 0.721067, 0.690916, 0.180267
1673, 313.489708, 25.591496, 0.187382,172, 32.651699, 0.836268, 0.189835,4, 0.979628, 0.836268, 0.244907
1672, 293.369223, 1.124410, 0.175460,173, 31.869761, 0.579983, 0.184218,4, 0.895148, 0.579983, 0.223787
1681, 297.038560, 3.503222, 0.176703,164, 31.355485, 0.752072, 0.191192,4, 0.765156, 0.752072, 0.191289
1675, 288.247226, 1.835238, 0.172088,170, 32.356730, 0.735290, 0.190334,4, 0.585672, 0.735290, 0.146418
1665, 287.401571, 0.715094, 0.172614,180, 30.958684, 0.526507, 0.171993,4, 0.647112, 0.526507, 0.161778
1675, 304.581467, 8.839406, 0.181840,170, 37.625501, 7.123066, 0.221326,4, 0.737281, 7.123066, 0.184320
1668, 293.141951, 0.849352, 0.175745,177, 32.499806, 1.326935, 0.183615,4, 0.797868, 1.326935, 0.199467
1692, 292.024368, 0.668161, 0.172591,153, 28.915233, 0.535609, 0.188988,4, 0.804694, 0.535609, 0.201174
1659, 289.106249, 0.868979, 0.174265,186, 33.884483, 0.578276, 0.182175,4, 0.671574, 0.578276, 0.167894
1672, 284.780697, 0.785352, 0.170323,173, 31.141298, 0.631183, 0.180008,4, 0.649672, 0.631183, 0.162418
1681, 220.417673, 0.684943, 0.131123,164, 29.873243, 0.988161, 0.182154,4, 0.478152, 0.988161, 0.119538
1685, 290.854731, 0.985886, 0.172614,160, 27.632103, 0.796730, 0.172701,4, 0.889743, 0.796730, 0.222436
1665, 299.607096, 11.029061, 0.179944,180, 33.366794, 0.681814, 0.185371,4, 0.682952, 0.681814, 0.170738
1684, 291.100207, 0.651094, 0.172862,161, 28.429117, 0.977068, 0.176578,4, 0.545565, 0.977068, 0.136391
